# solution IDs are scoped to this hipBLASLt version and device architecture
STRATA_HIPBLASLT_TUNING_V1 gfx1201 100500
bf16 4 10240 4 512 110439
bf16 4 10240 4 1024 110514
bf16 4 10240 4 2048 110515
bf16 512 2560 512 4096 110428
bf16 512 2560 512 8192 110432
bf16 10240 2560 10240 256 110428
f16 512 2560 512 4096 135629
f16 512 2560 512 8192 135189
f16 640 2560 640 4096 135740
f16 640 2560 640 8192 135358
f16 2560 6144 2560 256 135362
f16 2560 6144 2560 1024 135620
f16 2560 6144 2560 2048 135187
f16 12288 2560 12288 8192 135625
